4.841416372160715014e+02
4.841416109364723752e+02
4.841415841963714684e+02
4.841415569819698135e+02
4.841416048540534121e+02
4.841416210686867885e+02
4.841415875102136397e+02
4.841416153883332072e+02
4.841416176291300530e+02
4.841416163428418713e+02
4.841416049132368471e+02
4.841416134262941569e+02
4.841416348840086812e+02
4.841416409790044781e+02
4.841416260273273338e+02
4.841416321592960230e+02
4.841415997610978366e+02
4.841416188176075366e+02
4.841415952895350188e+02
4.841416139960268765e+02
4.841416277092544647e+02
4.841416419119884722e+02
4.841416578073088886e+02
4.841416567275084049e+02
4.841416545584557980e+02
4.841416092535291114e+02
4.841416177260774703e+02
4.841416130439174594e+02
4.841416087134887789e+02
4.841416025029185448e+02
4.841416398198803677e+02
4.841416321441153059e+02
4.841416046824905379e+02
4.841416450026014786e+02
4.841416505633558813e+02
4.841416673798256625e+02
4.841416698680174022e+02
4.841416634459370698e+02
4.841416549026786242e+02
4.841416151471872809e+02
4.841416634354230837e+02
4.841416695184869354e+02
4.841416767707974600e+02
4.841416181528157381e+02
4.841416175458456337e+02
4.841415748268276502e+02
4.841416223584086538e+02
4.841415800020503184e+02
4.841416465478276905e+02
4.841416774641840561e+02
