4.841416676906288785e+02
4.841416782207887763e+02
4.841416713263951124e+02
4.841416722247769826e+02
4.841416610389884454e+02
4.841416362806372149e+02
4.841416666090638046e+02
4.841416544292932258e+02
4.841416172179059458e+02
4.841416286839037184e+02
4.841416295960990510e+02
4.841416358126304544e+02
4.841416018040724794e+02
4.841416745207362737e+02
4.841416728128160685e+02
4.841416358438244174e+02
4.841416822582858117e+02
4.841416667914262462e+02
4.841416888995744330e+02
4.841416837353729079e+02
4.841416702296534140e+02
4.841416307995213515e+02
4.841416565492942823e+02
4.841416396907872013e+02
4.841416040508102014e+02
4.841416313865249208e+02
4.841416283270212944e+02
4.841416400085211649e+02
4.841416457018657411e+02
4.841416711176684089e+02
4.841416775233961403e+02
4.841416841634589900e+02
4.841416764457076738e+02
4.841416364838308937e+02
4.841416939173691389e+02
4.841416627216543702e+02
4.841417077455859044e+02
4.841417009997405785e+02
4.841416925551130248e+02
4.841416624312998351e+02
4.841416412563437461e+02
4.841416108341357472e+02
4.841416461200280992e+02
4.841416312662047403e+02
4.841416375220516670e+02
4.841416493477129848e+02
4.841416719476933963e+02
4.841416689082370226e+02
4.841416896380815729e+02
4.841417074777503444e+02
