4.841416855083659811e+02
4.841416806103820818e+02
4.841416960153368336e+02
4.841417024021458815e+02
4.841416940945779857e+02
4.841416545716410269e+02
4.841416449607695540e+02
4.841416450946911141e+02
4.841416282511131044e+02
4.841416597096139753e+02
4.841416851523044897e+02
4.841416927144733791e+02
4.841416897064949012e+02
4.841416937624964589e+02
4.841416805865363813e+02
4.841416840738119731e+02
4.841416918105549030e+02
4.841416975011624118e+02
4.841416749464449936e+02
4.841416383568869151e+02
4.841416491503761108e+02
4.841416404220970549e+02
4.841416445724517530e+02
4.841416519537310137e+02
4.841416631805897737e+02
4.841416853097614421e+02
4.841416951642721074e+02
4.841416992682778186e+02
4.841417027148693819e+02
4.841416949410625534e+02
4.841416995408458774e+02
4.841416993350383109e+02
4.841416978083036611e+02
4.841416786122125018e+02
4.841416423469809160e+02
4.841416426685187844e+02
4.841416494523218148e+02
4.841416676241274786e+02
4.841417043692528068e+02
4.841417004359356042e+02
4.841417163477445911e+02
4.841417253963143139e+02
4.841417277478715846e+02
4.841417259009014629e+02
4.841417092865115137e+02
4.841417106909682389e+02
4.841416944983593567e+02
4.841416896987536234e+02
4.841416757012939343e+02
4.841416638751302344e+02
