4.841416547392067287e+02
4.841416540337921788e+02
4.841416477103443299e+02
4.841416479770768433e+02
4.841416591227120989e+02
4.841416419355935545e+02
4.841416426718677144e+02
4.841416607012357645e+02
4.841416999144692568e+02
4.841416566039743543e+02
4.841417033120681026e+02
4.841416819772565532e+02
4.841416699239971422e+02
4.841416596053979902e+02
4.841416317418028825e+02
4.841416791924715994e+02
4.841416493701804598e+02
4.841416789095139848e+02
4.841416727710886221e+02
4.841416756215697887e+02
4.841416704605482551e+02
4.841416965919908080e+02
4.841417162343221889e+02
4.841416788305318732e+02
4.841417081973937115e+02
4.841417174300014494e+02
4.841417209244067408e+02
4.841417010394044951e+02
4.841417047011202044e+02
4.841417143450877916e+02
4.841416999662094440e+02
4.841416924754665274e+02
4.841417005376831639e+02
4.841417059260469387e+02
4.841417054211630102e+02
4.841416957238066061e+02
4.841416941868393451e+02
4.841416880085068328e+02
4.841416871087386653e+02
4.841416825405453892e+02
4.841416822008258123e+02
4.841416869570042536e+02
4.841416958067304677e+02
4.841416765484603957e+02
4.841416689373389204e+02
4.841416718497229112e+02
4.841416624362590255e+02
4.841416410368852894e+02
4.841416885837317068e+02
4.841417153534276281e+02
4.841417146443512252e+02
4.841417056198225168e+02
4.841416942019588419e+02
4.841416912534691050e+02
4.841416755617553918e+02
4.841416819193036076e+02
4.841416788403305986e+02
4.841416718373288290e+02
4.841416769580534947e+02
4.841416650871110505e+02
4.841416865973484960e+02
4.841417172920800454e+02
4.841417200004192978e+02
4.841417055151313207e+02
4.841416945631553972e+02
4.841416938169132322e+02
4.841416914084677501e+02
4.841416818041098509e+02
4.841416942464309159e+02
4.841416928653828222e+02
4.841416842994179319e+02
4.841416675662028410e+02
4.841416880253132149e+02
4.841417126557982442e+02
4.841417059816263304e+02
4.841416991430364192e+02
4.841417032207328930e+02
4.841416949105498588e+02
4.841416953631745628e+02
4.841416985429554529e+02
4.841416880841287593e+02
4.841416747043418809e+02
4.841417094466486333e+02
4.841417370870202035e+02
4.841417552363903383e+02
4.841417339316918742e+02
4.841417239645554673e+02
4.841417087028524406e+02
4.841416952723496365e+02
4.841416915370983247e+02
4.841416958903423620e+02
4.841416797138153356e+02
4.841416782425335441e+02
4.841416865869053368e+02
4.841417307777282986e+02
4.841417376279709970e+02
4.841417421481489214e+02
4.841417247833124406e+02
4.841417213727257831e+02
4.841417360218390513e+02
4.841417045092849776e+02
4.841417006766243389e+02
4.841417003521989955e+02
4.841416888308052080e+02
4.841416850334197761e+02
4.841417036605465114e+02
4.841417452710080056e+02
4.841417570177420089e+02
4.841417367727312921e+02
4.841417313389007973e+02
4.841417136047474514e+02
4.841417177703494872e+02
4.841417106262665015e+02
4.841417013534109515e+02
4.841417156153628412e+02
4.841417128391616416e+02
4.841417085297584322e+02
4.841417304711447400e+02
4.841417545358618781e+02
4.841417574812873568e+02
4.841417288949136832e+02
4.841417250273625541e+02
4.841417142511449470e+02
4.841417128059120500e+02
4.841417083668643500e+02
4.841417101491052222e+02
4.841417077300891947e+02
4.841417310660444855e+02
4.841417425474716083e+02
4.841417498972477347e+02
4.841417680304078885e+02
4.841417397481473017e+02
4.841417314235317804e+02
4.841417256702389977e+02
4.841417234395302671e+02
4.841417179925969094e+02
4.841417216736780915e+02
4.841417069463003600e+02
4.841417062397513860e+02
4.841417054829716449e+02
4.841417201056655699e+02
4.841416907595684052e+02
4.841417543735279878e+02
4.841417157048156241e+02
4.841417603934935983e+02
4.841417384702309050e+02
4.841417344758419858e+02
4.841417202299934956e+02
4.841417103202536509e+02
4.841416911404294297e+02
4.841417096537608700e+02
4.841417034228912257e+02
4.841416944387450485e+02
4.841417036649918941e+02
4.841416980067788813e+02
4.841416802956290439e+02
4.841417162117026010e+02
4.841417398946019262e+02
4.841417380988439163e+02
4.841417216613346568e+02
4.841417073412943637e+02
4.841416973702417295e+02
4.841416695752058672e+02
4.841416972121613753e+02
4.841417044950563309e+02
4.841417056051453187e+02
4.841417056893973836e+02
4.841417044398157827e+02
4.841417099119046838e+02
4.841417387052949834e+02
4.841417537079636304e+02
4.841417283640612936e+02
4.841417183555118413e+02
4.841417177331118751e+02
4.841417027686461552e+02
4.841417128661144602e+02
4.841417119505532014e+02
4.841417016171931778e+02
4.841417053590194541e+02
4.841417062338410915e+02
4.841417097650402184e+02
4.841417341596833239e+02
4.841417490615496035e+02
4.841417493078245684e+02
4.841417283243615088e+02
4.841417268393036011e+02
4.841417211597781716e+02
4.841417109108471664e+02
4.841417109692988561e+02
4.841417123382205432e+02
4.841417158468439084e+02
4.841417068977523854e+02
4.841417031607779791e+02
4.841417011619532218e+02
4.841417323557469672e+02
4.841417557492486026e+02
4.841417690234110864e+02
4.841417289405256952e+02
4.841417394816842830e+02
4.841417467689767591e+02
4.841417254333864548e+02
4.841417089467179267e+02
4.841417133174577430e+02
4.841417164550067014e+02
4.841416760075976526e+02
4.841417155675280810e+02
4.841417062604666626e+02
4.841416700618262325e+02
4.841417095288788914e+02
4.841417117078398746e+02
4.841417141619621134e+02
4.841417026021468359e+02
4.841417372472127454e+02
4.841417666311840549e+02
4.841417597624624705e+02
4.841417438326099045e+02
4.841417305217939315e+02
4.841417266276861824e+02
4.841417179332299838e+02
4.841417220296802952e+02
4.841417175193179787e+02
4.841417223314713283e+02
4.841417273225581539e+02
4.841417451539650187e+02
4.841417621060403462e+02
4.841417760292530943e+02
4.841417756865818092e+02
4.841417654901010792e+02
4.841417575795478001e+02
4.841417507870000350e+02
4.841417472901086398e+02
4.841417500558972620e+02
4.841417385303386709e+02
4.841417473278942794e+02
4.841417483209573902e+02
4.841417430750714743e+02
4.841417400140249470e+02
4.841417406456140498e+02
4.841417342592831687e+02
4.841417771472816867e+02
4.841417851628222024e+02
4.841417800563379501e+02
4.841417691216041703e+02
4.841417560927017121e+02
4.841417220606986689e+02
4.841417533331992900e+02
4.841417560339306192e+02
4.841417577814495417e+02
4.841417526008348773e+02
4.841417482921293640e+02
