4.841416603665020375e+02
4.841416302183980065e+02
4.841415899002619199e+02
4.841415979849014093e+02
4.841415905093008405e+02
4.841416033537018961e+02
4.841416235892239683e+02
4.841416405437852859e+02
4.841416557894172001e+02
4.841416677932043626e+02
4.841416655872900492e+02
4.841416486452961294e+02
4.841416220521343234e+02
4.841416190642821107e+02
4.841416207749649629e+02
4.841416505436253601e+02
4.841416669912806583e+02
4.841416672630889479e+02
4.841416992012231049e+02
4.841416952169768138e+02
4.841416921634350956e+02
4.841416756605815976e+02
4.841416389876840753e+02
4.841416337366425182e+02
4.841416435775307718e+02
4.841416582309059322e+02
4.841416748734660587e+02
4.841416903008453687e+02
4.841416933183002698e+02
4.841417043474106094e+02
4.841417067417410180e+02
4.841417049121215541e+02
4.841416624115832406e+02
4.841416163854726165e+02
4.841416184662236901e+02
4.841416424799336937e+02
4.841416421712672786e+02
4.841416645890926134e+02
4.841416677396800878e+02
4.841416732574346042e+02
4.841416942099122025e+02
4.841416919650021669e+02
4.841416884385656090e+02
4.841417008360310206e+02
4.841416977236768844e+02
4.841416380017344068e+02
4.841416416710567887e+02
4.841416556995883411e+02
4.841416400955554309e+02
4.841416368543123099e+02
