4.841417007840564111e+02
4.841417109141257242e+02
4.841416741144805087e+02
4.841416565690935272e+02
4.841416529429348543e+02
4.841416461977148629e+02
4.841416508908857850e+02
4.841416530103092555e+02
4.841416696707317442e+02
4.841416936943186897e+02
4.841416784311308561e+02
4.841416821307713008e+02
4.841416827250872643e+02
4.841416811784827701e+02
4.841417031595355525e+02
4.841416831029901005e+02
4.841416409332026660e+02
4.841416475614986439e+02
4.841416409337672349e+02
4.841416438845959078e+02
4.841416536700620554e+02
4.841416558002000556e+02
4.841416536144135421e+02
4.841416526067558266e+02
4.841416767364742100e+02
4.841416895099437738e+02
4.841416898057668732e+02
4.841416627282543459e+02
4.841416279011880306e+02
4.841416471051491612e+02
4.841416553961406066e+02
4.841416480937680831e+02
4.841416432780777654e+02
4.841416466455509635e+02
4.841416460498587071e+02
4.841416678098577222e+02
4.841416794883624561e+02
4.841416885288674052e+02
4.841416704899423848e+02
4.841416649751434989e+02
4.841416553328716077e+02
4.841416654908013015e+02
4.841416538254907209e+02
4.841416554326146979e+02
4.841416593478243726e+02
4.841416487715137578e+02
4.841416592095009719e+02
4.841416567029598923e+02
4.841416433519556222e+02
4.841416380439124509e+02
