[
    -12.669189834241479,
    -11.518337834218073,
    -10.325347983496158,
    -9.057880164391463,
    -7.707632898359407,
    -6.3683078189455955,
    -4.911533206495733,
    -3.452415764002126,
    -2.0574170330291963,
    -0.6520431118701708,
    0.8195950965728116,
    2.2797069638045286,
    3.777665380084727,
    5.283704458236116,
    6.68298439956061,
    8.109808432152477,
    9.569715266536605,
    11.1978567253459,
    12.71000998292493,
    14.169372766730248,
    15.63935931017113,
    17.155785598447437,
    18.71087559248963,
    20.32288446196162,
    21.88696649943722,
    23.354470436061092,
    24.910823134518978,
    26.455342071812993,
    41.854737909318374,
    43.28626376508282
]