[
    -5.085926773062965e-07,
    -0.00034828264551833854,
    -0.000342315700436302,
    NaN,
    -0.00041396671821303244,
    -0.0003978121569616633,
    -0.0003755383979182625,
    -0.00038141331913266185,
    -0.0004018481863568013,
    -0.0003521509801771572,
    -0.00035513907408812884,
    -0.0004480765833250189,
    -0.00042512506541925177,
    6.015488111188461e-06,
    -0.0004566043551790244,
    -0.0003606970378768892,
    -0.00046402268441170236,
    -0.0004483899930391999,
    -0.00042364678932926836,
    -0.00033730195906400695,
    -0.00033516998036020595,
    -0.00042207744434108463,
    -0.0004180699762628137,
    -0.0003891471789074785,
    -0.000301612484463476,
    -0.0004002254181045828,
    -0.0003982339565595794,
    -0.00042099363338365947,
    -0.00040227093586509,
    -0.00040064453190780114,
    -0.0004721429859841919,
    -0.0004624544858415902,
    -0.0003773077899609234,
    -0.000377719113657804,
    -0.0003822994934807866,
    -0.0003829802834616203,
    -0.00040139472594091785,
    -0.00040345865943436365,
    -0.00041531587339704856,
    -0.00040663201855295483,
    -0.0004110570034185912,
    -0.00040409856535461586,
    -0.00032132949075958095,
    -0.00041639170507323797,
    -0.0004151440371060744,
    -0.0004270386956477523,
    -0.00035942510788800064,
    -0.00042894801606507826,
    -0.0003543086082231639,
    -0.0003360535289971267,
    -0.0004245710322834384,
    -0.0004224303606861213,
    -0.00042462561549427846,
    5.187327144540177e-05,
    -0.00038610111283787774,
    -0.00041691571112778547,
    -0.0003335407723170647,
    -0.00035754255497977283,
    -0.00036574813839251874,
    NaN,
    -0.0003668030940389144,
    -0.0002848015691938599,
    NaN,
    -0.0003500778958027695,
    -0.00034276875635441684,
    -0.0003535869275310688,
    -0.0003919430413361624,
    -0.00039630046069305536,
    -0.00040201933961725445,
    -0.0004073726950082346,
    -0.00040724786077817043,
    -0.00039224027960926833,
    -0.0002938574475592759,
    -0.00029385495321321287,
    -0.00047232391978013766,
    -0.0003718529835623485,
    -0.0003709229634978328,
    -0.0003671358650194634,
    -0.0003732205489086482,
    -0.000364805930928469,
    -0.0004456644100514495,
    -0.0004340901218711224,
    -0.0004183320417041614,
    -0.00040917366385428977,
    -0.00041027892410738787,
    -0.00033065143287558385,
    -0.00031594621680142154,
    1.2898251327442267e-05,
    -0.0003906736241106046,
    -0.00039271552850550506,
    -0.00037859169435705553,
    -0.00040100090103578623,
    -0.0004111516030320672,
    -0.00041237186599119013,
    -0.00034977350679810115,
    -0.000400012611692091,
    -0.0003834524711692211,
    NaN,
    -0.00038583688365179114,
    -0.00029889799941429374,
    -0.00040960562296277203,
    -0.00040310090219009,
    -0.0002969560165411167,
    -0.0004591587684785736,
    -0.0004330943112904606,
    -0.0004302653927084066,
    -0.0004377431125703879,
    -0.00042651673010141167,
    -0.00034691006334242047,
    -0.0003426742167107477,
    -0.0004226452529110247,
    -0.00041587468479065137,
    -0.0004208421233329318,
    -0.00042855779838646413,
    -0.00042198179818342396,
    -0.00035528719064359393,
    -0.00038586356458836235,
    -0.00038554989703243336,
    -0.0003896197104040766,
    -0.0003771596885258077,
    -0.0004603481876301885,
    -0.0004407838526958585,
    -0.0004361951975511147,
    -0.0004253878872191308,
    -0.00041491161283602196,
    -0.00040686531349365396,
    -0.00039528169418190373,
    -0.0004229894746572427,
    -0.0004215766680317756,
    -0.00041683169666839603,
    -0.0003989081828876806,
    -0.0003058637834101319,
    NaN,
    -0.00047023530203205155,
    1.2300339562898444e-05,
    -0.00037908137016984256,
    -0.0003960394603268469,
    -0.0003876219385006152,
    -0.00041005495552326465,
    -0.0004062435881451165,
    -0.0004594959518158248,
    -0.00045231648903154564,
    -0.0003809022771861237,
    -0.00039681095660171195,
    -0.00040311983980245714,
    -0.00040497676548056916,
    -0.00039767830207892985,
    -0.0004072849038152526,
    -0.0003467604992692941,
    -0.00034268729240238827,
    NaN,
    -0.0003810890860904692,
    -0.0003729533110572447,
    -0.0003589229041267572,
    -0.00043432083589323156,
    -0.0004245466752763605,
    -0.0003534427422096087,
    -0.00042991664338387636,
    -0.00034937921356004153,
    -0.0003330268922354662,
    -0.0003934702372703214,
    -0.00037742029672926947,
    -0.00039975534662062273,
    -0.0003945252647667985,
    -0.0003852469386629309,
    -0.0003804335371455636,
    -0.0003723603061871472,
    -0.00036298271811574523,
    -0.0004040264093987389,
    -0.0004023577941438816,
    -0.00041448661067988724,
    -0.0004115274672358282,
    -0.0004238011974280198,
    -0.0003599355914047919,
    -1.7097399336307717e-05,
    -0.0004218826910005191,
    -0.0004171487981921018,
    -0.00040637286531364225,
    -0.0004046591032533797,
    -0.00039741707172424867,
    -0.00038723947534435865,
    -0.000389110474827703,
    -0.0003815576209262872,
    -0.00046863508816841204,
    -0.0004592230864659541,
    -0.0004544394990375622,
    -0.00035502778791851597,
    -0.00034693103020799754,
    -0.0004280869613921823,
    -0.00041163077622741184,
    -0.000413012803392121,
    -0.00040445591162097116,
    -0.00033236194775554395,
    -0.0004208785663877279,
    -0.00039855196786220404,
    -0.00039304130928030645,
    -0.00038388329437566426,
    -0.00047020423505728104,
    -9.565332686634065e-05
]