[
    -2.560247736482779e-05,
    -0.0003494894256164116,
    -0.0004144728460460101,
    -0.0004032755113598796,
    -0.00046172087013474084,
    -0.0003788378684248528,
    -0.00038018661501837414,
    -0.00043315899318940865,
    -0.0004329962183646785,
    -0.00032592009188192606,
    NaN,
    -0.0003724125983808335,
    -0.00036863204735482213,
    -0.0003835250687416192,
    -0.0003853448702670903,
    -0.0004219632120339156,
    NaN,
    -0.0003509373935344229,
    -0.00034536110518956775,
    -0.00041241305007133633,
    -0.00040289248647695786,
    NaN,
    -0.0003844280251428245,
    -0.0004429330675179699,
    -0.0004250977902415798,
    -0.0004272026269518392,
    -0.00032524350359608434,
    NaN,
    -0.00037445769129362816,
    -0.0003649537216574572,
    -0.0004382795380593052,
    NaN,
    -0.00047402628104009636,
    -0.0004812738541204453,
    -0.000377600331148642,
    -0.00046237776905400096,
    -0.0004258988237779704,
    -0.0003373675801867648,
    -0.00048511692187958033,
    -0.000385041919514606,
    -0.0004364139010135659,
    -0.0004153674867666268,
    -0.0004848291656003312,
    -0.0004869630859616336,
    -0.00040992070768197664,
    -0.0003883928188770369,
    -0.00045807253854945884,
    -0.00041340250459143135,
    NaN,
    -0.0004800958349733264,
    -0.00036867716670485606,
    -0.00036191570501387105,
    -0.0004112140280199128,
    -0.000411542200652093,
    -0.0004608429522932056,
    -0.00044774165576200176,
    -0.00035640275041259883,
    -0.00040967597294638836,
    -0.0003946918127439858,
    -0.00044107678405680417,
    -0.00042394321053507156,
    -0.00042458724362859357,
    NaN,
    -0.0004731737425913707,
    -0.00035700352322010076,
    -0.0003616032407194325,
    -0.00034094940309614685,
    -0.00031218422071788154,
    -0.00043272155539852974,
    -0.0004268539479994615,
    -0.0003300859222576946,
    NaN,
    -0.00037028674120165306,
    -0.0003543661737808179,
    -0.0004274964940123027,
    -0.00037269597368094765,
    -0.0003554678216346474,
    -0.00034487064243649,
    -0.0003451818597000056,
    -0.0003484591065330278,
    -0.0004011229408433792,
    -0.0003996584434844408,
    -2.9284221170655655e-05,
    -0.00038549818646060885,
    -0.00045314582195032926,
    -0.00045208460403500794,
    -0.000334492483602844,
    NaN,
    -0.0003820671836933798,
    -0.00037242374668267075,
    -0.0004327446868046536,
    -0.00040374407439003335,
    -0.0003198798133894343,
    -0.0003785594345231402,
    -0.00037535055878379353,
    -0.00044392310013563474,
    -0.0004354366492975714,
    -0.0003202462599460887,
    -0.00031811242996582223,
    NaN,
    -0.00037103959635942374,
    -0.00036654780512890284,
    -0.000427722754466231,
    -0.00034460159878335617,
    -0.000398233601629272,
    -0.000394234832924667,
    -0.0004435734022081306,
    -0.00033249191824324953,
    -0.0003896937682270618,
    -0.0003858101040350448,
    -0.00043367108133907095,
    -0.0004295830263458811,
    -0.00033889419614752114,
    NaN,
    -0.0003750666741666464,
    -0.00036628412146910705,
    -0.00043062526680159863,
    -0.00032082918517062353,
    -0.00031339334020685783,
    -0.0003727319870563406,
    -0.00035933397936105393,
    -0.0003910258149630863,
    -0.0003834050689874857,
    -0.00038363228355819956,
    -3.914169155905256e-06,
    -0.0004202335128411505,
    -0.0003224046951117998,
    -0.00040656376808101413,
    -0.00039729539423660754,
    -0.0004849129285844356,
    -0.00039048100717309353,
    -0.0003969099128653397,
    NaN,
    -0.00043471578243270415,
    -0.00042325838211354494,
    -0.00047424935922890654,
    -0.00046337443137645096,
    -0.00038076132858577694,
    -0.00044865567713259225,
    -0.000461938816329166,
    -0.0005170695741867348,
    -0.0005181476927873518,
    -0.0004177636949407315,
    -0.00048532892878938583,
    -0.00046999687737070417,
    -0.0004447183267188848,
    -0.0005055855245359453,
    -0.0003992367693399501,
    -0.0004013272770748699,
    -0.0004539435913102352,
    -0.0004538324877216837,
    -0.00045326928443500947,
    -0.0005152179185756722,
    -0.00042866384217177256,
    -0.00047683946934284904,
    -0.00046396682500926545,
    -0.00046019783655992796,
    -0.0005129745339900182,
    -0.0005061813143925065,
    -0.00040653604139606614,
    -0.000407762568158887,
    -0.00046075657070332454,
    -0.0004516972123838059,
    -0.0005067899674031651,
    -0.0004956028234346377,
    -0.00038774509187078365,
    -0.00046585682270006146,
    -0.0004477548719137303,
    -0.0005119625652696413,
    -0.00041329262421641033,
    -0.0004150690778033095,
    -0.0004788313186168125,
    -0.0004043404663889305,
    -0.00046578019009757554,
    -0.00044456842368845173,
    -0.0005012234514083502,
    -0.0005039554835661875,
    -0.00041654339446495214,
    -0.00041937585189089077,
    -0.0004916320742154312,
    -0.00047869796060240333,
    -0.00038987705909221404,
    -0.00044625850568991154,
    -0.00044723988156647465,
    -0.0005095492275017932,
    -0.0005094840429364922,
    -0.0004139990725207099,
    -0.00040846682139772383,
    -0.00046527575619847994,
    -0.00038977105214144103,
    -0.0004485294755340874,
    -0.0004419872986431983,
    -0.00043930914659995324,
    -0.0004970628468754512,
    -0.0004872687798069819,
    -0.0003825786790230268,
    NaN,
    -0.00043305151160666355,
    -0.00040732275084565117,
    -0.00047966541075084024,
    -0.0004627494133160326,
    -0.0003797309749984379,
    -0.00043299837051336,
    -0.0004386873860084961,
    -0.00043717338610349543,
    -0.0004946807696910582,
    -0.00040421019252789847,
    -0.00047168041027134677,
    -0.0004761531559438481,
    -0.0005292841853474783,
    -0.00042469760785479593,
    -0.0004806390125509097,
    -0.00047607350751377453,
    NaN,
    -0.0005374155569484174,
    -0.00044021412105621494,
    -0.0004948517237153283,
    -0.0004806584983043649,
    -0.0005350173590841223,
    -0.0005211998247318661,
    -0.0004143314376960916,
    -0.00041218389623054463,
    -0.0004176145966994227,
    -0.0004733724401830841,
    -0.0004713249338692549,
    -0.0004502785756699268,
    -0.0004567783063293973,
    -0.0005117644808478872,
    -0.0005087220505970436,
    -0.0003955233700594363,
    -0.00044273878813783085,
    -0.0005022583363825106,
    -0.0005021369245810092,
    NaN,
    -0.0004619057431227702,
    -0.0004388790869143122,
    -0.0004322451886764611,
    -0.0005219283235078365,
    -0.00041544563384832145,
    -0.00041271714701451856,
    -0.000477902954912679,
    -0.00047780398131180846,
    -0.00044587777847482357,
    -0.00044653349829104627,
    -0.0004485779790570632,
    -0.0004943057030573073,
    -0.0004907192505925195,
    -0.0003927835116996903,
    -0.000491194615619861,
    -0.0004640213213633615,
    -0.0004443000311198375,
    -0.000413506921518092,
    -5.642297310259892e-05,
    -0.0004729317773239927,
    -0.0004660855686324794,
    -0.0005333785573498062,
    -0.00045415233404355604,
    -0.0005093604777357541,
    -0.0005060520075517161,
    -0.0004870137442480882,
    -0.00036469576019726446,
    -0.0005308144589548647,
    -0.00042316745350490237,
    -0.00043134350937634736,
    -0.0004878509270156428,
    -0.0004679040355313191,
    -0.0004601978918685745,
    -0.000527142621706389,
    -0.0004238928834752187,
    -0.0004867429783530497,
    -0.00047834665571144797,
    -0.00044742642040773717,
    -0.0005184480549473847,
    -0.0005096359121807836,
    -0.0003905805165231868,
    -6.536100664789046e-05,
    -0.000449574442541234,
    -0.00044255677528326487,
    -0.0005048082507528306,
    -0.00041966053709074913,
    -0.0004003334539675052,
    -0.00047676759146497716,
    -0.00047374109351494553,
    NaN,
    -0.000534638451142655,
    -0.00041928926157197566,
    -0.00048723913795356566,
    -0.00047438385689702045,
    -0.0004500361917507689,
    -0.0003563847039913526,
    -0.00042285704114419786,
    -0.0004011708909956724,
    -0.00046117200241724277,
    -0.00045534134324043407,
    -0.0005146778657945106,
    -0.0005208333063251303,
    -0.0005183891423143905,
    -0.00039518875286148614,
    -0.00048386983252157734,
    -0.000482158009504019,
    NaN,
    -0.0005248892038025588,
    -0.0004053019587786366,
    -0.0003846929467385962,
    -0.00047563376125481227,
    -0.00043695787650221973,
    -0.00043223812349424406,
    -0.0004672024629712723,
    -0.00046629908655404506,
    -0.000472584608814941,
    -0.0004395661811145146,
    -0.00042357768677447893,
    -0.0004867036853966056,
    -0.00047786722819864735,
    -0.00037015213536051306,
    NaN,
    -0.0004264486705665149,
    -0.0004766054949527643,
    -0.00036754206098521536,
    -0.0004329225079686694,
    -0.0005050404809594511,
    -0.0003801303101340636,
    -0.00038621862790932937,
    -0.00045387392844986607,
    -0.00043670208305002234,
    -0.0004956427159186205,
    -0.0005034691153014137,
    -0.00048075389264568,
    -0.00047792444888727914,
    -0.00047702207064048707,
    -0.0005225996750368722,
    -0.0005105848824769055,
    -6.251335349816145e-05,
    -0.00046260847017265405,
    -0.0005036755143805749,
    -0.0004174251450308475,
    -0.00048019424474432526,
    -5.645430036338439e-05,
    -0.0005059762457335637,
    -0.0005041716059963619,
    -0.00031744264521194054,
    -0.00048141104826981973,
    -0.00046717829297904245,
    -0.0003713726970886455,
    -0.00040865900280095957,
    -0.00046753048047776247,
    -0.00035430187159590787,
    -0.0004174582865061893,
    -0.00042030426823203015,
    -0.0004049595304422837,
    -0.0004607414866768522,
    -0.00044536585568266673,
    -0.0005000771374739088,
    -0.0005012729817508443,
    -0.00040566172981471027,
    -0.0003888825041258315,
    -0.0004032256344999041,
    -0.0003994667764004589,
    -0.0004818693513470862,
    -0.0004897216692256734,
    -0.0004740840072372521,
    -0.0004608528386143007,
    -0.0003544256960594794,
    -0.0005138859183375644,
    -0.0004857094700128073,
    -0.00037722757315350464,
    NaN,
    -0.000410691497904736,
    -0.00039847598640108117,
    -0.0004910135712066221,
    -0.00038202255234409677,
    -0.0003911628837158787,
    -0.0004584943329177804,
    -0.00046163143088051584,
    -0.0005307700270691385,
    -0.00044290207239328083,
    -0.0004439091902668224,
    -0.0005105193695271737,
    -0.000507842037904993,
    -5.715826614505204e-05,
    -0.0004722472842786374,
    -0.000518126862743884,
    -0.0003975194793497394,
    NaN,
    -0.00046483852463552466,
    -0.0004391663402998347,
    -0.0004258328620494467,
    -0.0004788860608186951,
    -0.00037612433123968003,
    -0.00037757751408662443,
    -0.00042159897117244327,
    -0.000419187501563556,
    -0.0004736341176112546,
    -0.000471404630957295,
    -0.0005119775549360384,
    -0.0005096110363069783,
    -0.00040416158918787914,
    -0.00045630440882860057,
    -0.0005062253508185677,
    -0.0005066942554776688,
    -0.00039453323705629373,
    -0.0004847088138149047,
    -0.0004646549922426857,
    -0.00036629081165528987,
    NaN,
    -0.0004229681770766547,
    -0.0004136144200401759,
    -0.000477565567223337,
    -0.00040457688123751723,
    -0.0004714151013445189,
    -0.00044847773682477055,
    -0.00045271784131273307,
    -0.0005116555361155406,
    -0.0005034912621226795,
    -0.00039990760853925167,
    NaN,
    -0.0004453923122014203,
    -0.0004507626532586073,
    -0.0005117229363804654,
    -0.0004160372582191485,
    -0.00046971720854571686,
    -0.0004490321182970547,
    -4.685400620019209e-05,
    -0.0004755566046128479,
    -0.0003804793445283394,
    -0.0004667305807970479,
    -0.00046195741089150033,
    -0.00043988264991412507,
    -0.00042631927368574907,
    -0.0004163496793694321,
    -0.00041573332276811925,
    -0.00048545270050226463,
    -0.00048621227301737235,
    -0.0004662708897740231,
    -0.00046429596511643467,
    -0.0004449639630479396,
    -0.0004920828977219571,
    -0.0004787572756299596,
    -0.00037037957588381687,
    -0.0005209535686958588,
    -0.0004125431516968092,
    -0.00045727981057552824,
    -0.0004877431241538943,
    -0.00047095939947894294,
    -0.00046875006466962077,
    -0.00044258372679450986,
    -0.000440591947494795,
    -0.0005104997549665313,
    -0.0005093569876066795,
    -0.00041344686718503,
    -0.000401336113952766,
    -0.00047872922220904,
    -0.000466525778790583,
    -0.0004357910937642373,
    -0.0004339396756449787,
    -0.0004288643207246423,
    -0.00048303654853043554,
    -0.0004676952377167254,
    -0.0003625933672992687,
    -0.0005188163875686769,
    -0.0005228288141552184,
    -0.000413499387605043,
    -0.000492007911248038,
    -0.0004571586222255064,
    -0.0005199010228125189,
    -0.0004900970835137741,
    NaN,
    -0.00043700362203935583,
    -0.0004236859735442522,
    -0.00047918689915604773,
    -0.0003895581620554367,
    -0.0003895564809681673,
    -0.0004365038643641128,
    -0.00042678679096752603,
    -0.0004898406659776811,
    -0.0004967755447182753,
    -0.00046605701868429605,
    -0.0004631814030062742,
    -0.0004514913931643605,
    -0.0005035605590819614,
    -0.0004877949840533802,
    -0.0003599311410766859,
    -0.0005200411256964799,
    -0.0005016352206439478,
    -0.0003803578250654027,
    -0.0003769865941194439,
    -0.0004517181748155963,
    -0.0004281418549112459,
    -0.0004186391428788738,
    -0.0003959394672392591,
    -0.00038046930336577134,
    -0.00044241224878760477,
    -0.00043607769634945726,
    -0.0004968476588942394,
    -0.0004924506261545503,
    -0.0004811930048163049,
    -0.00037867250142653575,
    -0.0004578751958774774,
    -0.00042605813479212884,
    -0.00041168105968836244,
    -0.0001261046396052734
]