[
    -2.4440806328129838e-05,
    -0.0006407986688259371,
    -0.0006319567429500239,
    -0.0006083907971969893,
    -0.0005878666688090561,
    NaN,
    -0.00058999420531336,
    NaN,
    -0.000624000869208885,
    -0.0005651947098499477,
    NaN,
    -0.0006408521957723678,
    -0.0006244170661489079,
    -0.0006384125110230343,
    -0.0006258968541601462,
    -0.0006032777063751382,
    -0.0006242543815915269,
    -0.0006070907847401941,
    -0.0005886166804316417,
    -0.0006103769363221545,
    -0.0005980735471098342,
    -0.0005820467384296535,
    NaN,
    -0.0006364930940776503,
    -0.0006219511638505537,
    -0.0005973300806090265,
    -4.873507549518763e-05,
    -0.0006077176596477329,
    NaN,
    -0.0006212671068510645,
    -0.0005907908141580265,
    -0.0005830119080769691,
    -0.0005735114975777833,
    -0.0006090127856737126,
    -0.0005873667445257524,
    -0.0005820601281243398,
    -0.0005794692407903312,
    NaN,
    -0.0006251435207786926,
    -0.0006250141339023685,
    -0.0006116594392437946,
    -0.0005869117032943905,
    -0.0005797770606932318,
    NaN,
    -0.0006302003967562086,
    -0.0006202824126262385,
    -0.0006051267848192765,
    -0.0006013344836901524,
    -0.0006344306656274057,
    NaN,
    -0.0006425849761626523,
    -0.0005846327067615675,
    -5.5828699828452955e-05,
    -0.0006209446071920866,
    -0.0006458389127601549,
    -0.0006416495934900013,
    -0.0006262369753926578,
    -0.0006565820684159007,
    -0.0006180667665489636,
    -0.0006414582350089404,
    -0.0006226723704685355,
    -0.0006049894431043867,
    -0.0006242492095225316,
    -0.0006046225215072809,
    -0.0005863791441811372,
    NaN,
    -0.000602569038449019,
    -0.0005874114470998393,
    -0.000563569405983344,
    -0.0006386524911476954,
    -0.0006207366504327183,
    -0.0006308301769308855,
    -0.0006224575287774314,
    -0.0006097462995739988,
    -0.0006087806557388831,
    -0.0005971851459207755,
    -0.0006245168735290463,
    -0.0005955627000844288,
    -4.3026220907904644e-05,
    -0.0006303728527541352,
    -0.0006012411305960086,
    -0.0005963007565128464,
    -0.0005692051567507406,
    NaN,
    -0.0006302896671286362,
    -0.0006285269157615403,
    -0.0006053109033246074,
    -0.0006303943683292346,
    -0.0006019816851789983,
    -0.0006187185977069021,
    -0.0006122084641333458,
    -0.0005998142298722087,
    -0.0005774893260763747,
    -6.087173272817381e-05,
    -0.0006431842535334908,
    -0.0006255010624158786,
    -0.0006013312579398189,
    -0.0005941131360600593,
    -0.0005806083480024427,
    -0.0005694034349517096,
    -0.0006459476755367177,
    -0.0006313848819559098,
    -0.0006208353068473116,
    -0.0006111535973332138,
    -6.814641460550774e-05,
    -0.0005957774645821701,
    -0.0005699179310454383,
    -0.0006321472617401014,
    -0.0006147742726625438,
    -0.000602319195650125,
    -0.0006238473321218407,
    -0.0006243851698854996,
    -7.564198210729955e-05,
    NaN,
    -0.0006663325484055349,
    -0.0006521643330756888,
    -0.000605975915846102,
    -6.317600224292619e-05,
    NaN,
    -6.861145476477759e-05,
    -0.0006726138144586002,
    -0.0006608865600128411,
    -0.000645512461915132,
    -0.0006273529954228252,
    -0.000653722890717745,
    -0.0006454442867607213,
    -0.0006358649390563187,
    -0.0006257578186250612,
    -0.0006558245279961739,
    -0.0006385938362996058,
    -5.0069453493506444e-05,
    -0.0006254662302467295,
    -0.000652737139034798,
    -0.0006466680287644522,
    -0.0006416322293603116,
    -0.0006231748246818825,
    -0.0006201976478905635,
    -0.0006536157162031486,
    -0.0006251080022252609,
    -0.0006246055247061122,
    -0.000614197315542242,
    -0.0006653685489368399,
    NaN,
    -0.0006617523918635015,
    -0.0006509961054348423,
    -0.0006381639221899604,
    -0.0006278187163957227,
    NaN,
    -6.018890923087383e-05,
    -0.0006593445172597967,
    -0.0006597174557896324,
    -0.0006430474520584539,
    -0.0006264954502626097,
    NaN,
    -0.0006970256652607532,
    -0.0006735257928198735,
    -7.14763148152997e-05,
    -0.0006876600972418601,
    -0.0006978022765906644,
    -0.0006657515145320758,
    -0.000665618658956646,
    NaN,
    -0.0006859154152039082,
    -0.0006632552004930403,
    NaN,
    -0.0006882000866426097,
    -0.0006675316316204771,
    -0.0007339002016806262,
    -0.0007259284636802477,
    -0.0007305322072284071,
    -0.0006636788977516517,
    -0.000695993489216562,
    -0.0006775512633794278,
    -0.0007203006092026953,
    -0.0006996334078053223,
    -0.0006794007254029566,
    NaN,
    -0.0006625769135553128,
    NaN,
    -0.000708845878136799,
    -0.0007050287991319237,
    -0.0006960806489360039,
    -0.0007219853707738366,
    -0.0007127000785658311,
    -0.0007309544802751589,
    -0.0007032254999899124,
    -0.0006989498385223669,
    -0.0006862039355723937,
    -0.0007078139057057342,
    -0.0006873200748032104,
    -0.0006695850248092938,
    NaN,
    -0.0006760581551930045,
    -0.0006583411135352435,
    -0.0007332673797577627,
    -0.0007120638640003563,
    -0.0006991149890609449,
    -0.0006769081636548435,
    -0.0007075648032355275,
    -0.0006997392427479099,
    -0.00013326959947335126
]